-48.84 111.55 34.24 -24.30 -130.82 -40.39 10.18
-30.93 100.34 45.81 -19.74 -140.46 -21.29 6.20
-5.80 92.41 57.89 -16.33 -175.96 4.01 30.20
4.24 109.56 9.30 -18.37 -208.71 -4.15 111.88
50.63 88.77 -91.26 48.89 -182.48 -78.62 180.04
45.24 152.40 -36.63 -35.16 -196.63 -18.19 136.86
50.36 98.17 -150.60 -27.99 -112.90 -6.64 179.03
33.66 119.73 -116.17 -4.42 -132.80 -0.80 170.61
75.53 143.03 -106.29 7.35 -171.89 -45.96 176.95
121.41 144.51 -98.23 -33.61 -222.52 -34.48 183.81
19.78 97.83 12.25 -44.11 62.94 -31.85 -155.49
